LA
 8,42,34,33,43,11,38,29,25,21,46,37,32,16,39,15,50,47,45,27,23,19,14,9,4,52,51,26,22,18,13,7,41,31,28,24,20,5
LARGO
 7
LAS
 11,47,46,42,36,45,15,14,8,7,41,40,35,32,31,30,17,4
LE
 42
LECTURA
 10
LEISHMANIASIS
 8
LEONA
 8
LES
 7
LEÓN
 7
LIMITAR
 8
LIMPIAR
 42
LINAJES
 8
LISTA
 45,26,22,18,13
LISTADO
 42,45,31,49,41,36,48,47,40,35,30,12
LISTAR
 13,12
LLEGÓ
 8
LLEVAN
 7
LLEVAR
 4
LO
 7,4
LOS
 11,42,8,13,17,15,14,7,45,22,18,33,28,26,24,20,10,50,49,44,27,23,19,12,9,3,51,48,38,34,5,4,2
LÓGICA
 29,25,21,16
